#define MAX_MS_COUNT    4

#define GaussianCount 49

static const float GaussianKernel[GaussianCount] =
{
    1.9651916e-05, 2.3940935e-04, 1.0729582e-03, 1.7690092e-03, 1.0729582e-03, 2.3940935e-04, 1.9651916e-05,
    2.3940935e-04, 2.9166031e-03, 1.3071308e-02, 2.1550942e-02, 1.3071308e-02, 2.9166031e-03, 2.3940935e-04,
    1.0729582e-03, 1.3071308e-02, 5.8581538e-02, 9.6584626e-02, 5.8581538e-02, 1.3071308e-02, 1.0729582e-03,
    1.7690092e-03, 2.1550942e-02, 9.6584626e-02, 1.5924112e-01, 9.6584626e-02, 2.1550942e-02, 1.7690092e-03,
    1.0729582e-03, 1.3071308e-02, 5.8581538e-02, 9.6584626e-02, 5.8581538e-02, 1.3071308e-02, 1.0729582e-03,
    2.3940935e-04, 2.9166031e-03, 1.3071308e-02, 2.1550942e-02, 1.3071308e-02, 2.9166031e-03, 2.3940935e-04,
    1.9651916e-05, 2.3940935e-04, 1.0729582e-03, 1.7690092e-03, 1.0729582e-03, 2.3940935e-04, 1.9651916e-05
};

static const float2 Offsets[GaussianCount] =
{
    {-3, -3}, {-2, -3}, {-1, -3}, {0, -3}, {1, -3}, {2, -3}, {3, -3},
    {-3, -2}, {-2, -2}, {-1, -2}, {0, -2}, {1, -2}, {2, -2}, {3, -2},
    {-3, -1}, {-2, -1}, {-1, -1}, {0, -1}, {1, -1}, {2, -1}, {3, -1},
    {-3, 0}, {-2, 0}, {-1, 0}, {0, 0}, {1, 0}, {2, 0}, {3, 0},
    {-3, 1}, {-2, 1}, {-1, 1}, {0, 1}, {1, 1}, {2, 1}, {3, 1},
    {-3, 2}, {-2, 2}, {-1, 2}, {0, 2}, {1, 2}, {2, 2}, {3, 2},
    {-3, 3}, {-2, 3}, {-1, 3}, {0, 3}, {1, 3}, {2, 3}, {3, 3}
};
